2.771650999784469604e-02
9.767701029777526855e-01
9.993803501129150391e-01
6.023942842148244381e-04
9.999279975891113281e-01
9.999980926513671875e-01
9.999741315841674805e-01
7.585691809654235840e-01
9.999800920486450195e-01
1.388719647366087884e-05
8.983567357063293457e-01
8.894105553627014160e-01
9.955943226814270020e-01
9.999998807907104492e-01
2.771650999784469604e-02
8.108357787132263184e-01
2.771650999784469604e-02
1.970992684364318848e-01
7.006376981735229492e-01
5.726730227470397949e-01
6.471069455146789551e-01
8.407571315765380859e-01
9.902752935886383057e-05
9.982423782348632812e-01
9.999998807907104492e-01
9.999990463256835938e-01
9.369498584419488907e-04
2.771650999784469604e-02
3.786411252804100513e-05
2.771650999784469604e-02
1.112229079008102417e-01
2.771650999784469604e-02
5.231398716568946838e-02
2.771650999784469604e-02
2.649660222232341766e-03
9.995705485343933105e-01
4.181632399559020996e-02
9.465827941894531250e-01
8.975110650062561035e-01
2.771650999784469604e-02
6.843199729919433594e-01
6.357166171073913574e-02
9.993726611137390137e-01
2.771650999784469604e-02
9.999872446060180664e-01
9.990102052688598633e-01
1.255801995284855366e-03
2.771650999784469604e-02
8.549406193196773529e-03
9.119296737480908632e-05
9.999606609344482422e-01
9.940122961997985840e-01
9.999924898147583008e-01
9.172748923301696777e-01
2.771650999784469604e-02
1.940898655448108912e-04
9.999893903732299805e-01
1.251008827239274979e-02
9.996867179870605469e-01
1.028713071718811989e-03
1.473761163651943207e-02
2.771650999784469604e-02
4.061777144670486450e-05
9.977446794509887695e-01
9.987068176269531250e-01
2.771650999784469604e-02
2.203520387411117554e-02
2.771650999784469604e-02
1.664279843680560589e-03
9.994074106216430664e-01
2.771650999784469604e-02
1.149971794802695513e-04
5.087248049676418304e-03
1.017134636640548706e-03
9.999959468841552734e-01
2.771650999784469604e-02
5.072398185729980469e-01
9.659796953201293945e-01
9.995101690292358398e-01
2.851172909140586853e-02
9.941982030868530273e-01
4.210857150610536337e-04
9.913946986198425293e-01
9.998372793197631836e-01
2.771650999784469604e-02
9.985062479972839355e-01
2.771650999784469604e-02
2.168961614370346069e-02
9.634233713150024414e-01
9.992470741271972656e-01
6.348427996272221208e-05
5.234270170331001282e-02
5.231682211160659790e-03
9.998866319656372070e-01
9.974656105041503906e-01
9.983028173446655273e-01
2.771650999784469604e-02
6.737652234733104706e-03
9.999903440475463867e-01
2.771650999784469604e-02
9.982680082321166992e-01
9.999408721923828125e-01
1.885353558463975787e-04
2.771650999784469604e-02
8.309822529554367065e-03
9.999873638153076172e-01
9.999829530715942383e-01
8.786780834197998047e-01
9.998949766159057617e-01
2.771650999784469604e-02
9.999995231628417969e-01
9.963453412055969238e-01
9.930631518363952637e-01
9.999985694885253906e-01
8.498381939716637135e-04
6.687545776367187500e-01
8.639663457870483398e-01
9.968900084495544434e-01
4.000846147537231445e-01
9.211723208427429199e-01
2.771650999784469604e-02
2.771650999784469604e-02
2.936046104878187180e-03
9.908460974693298340e-01
2.771650999784469604e-02
